0 0 TIDL_cast_in 
1 1 TIDL_cast_in_netFormat 
2 2 1033 
3 3 473 
4 4 476 
5 5 479 
6 6 482 
7 7 485 
8 8 488 
9 9 489 
10 10 490 
11 11 493 
12 12 496 
13 13 499 
14 14 502 
15 15 505 
16 16 508 
17 17 509 
18 18 512 
19 19 515 
20 20 516 
21 21 519 
22 22 522 
23 23 523 
24 24 524 
25 25 527 
26 26 530 
27 27 533 
28 28 536 
29 29 539 
30 30 542 
31 31 543 
32 32 546 
33 33 549 
34 34 550 
35 35 553 
36 36 556 
37 37 557 
38 38 558 
39 39 561 
40 40 564 
41 41 567 
42 42 574 
43 43 575 
44 44 576 
45 45 577 
46 46 578 
47 47 579 
48 48 580 
49 49 583 
50 50 586 
51 51 589 
52 52 592 
53 53 595 
54 54 596 
55 55 599 
56 56 602 
57 57 607 
58 58 608 
59 59 611 
60 60 614 
61 61 617 
62 62 620 
63 63 621 
64 64 624 
65 65 627 
66 66 632 
67 67 633 
68 68 636 
69 69 639 
70 70 642 
71 71 645 
72 72 646 
73 73 649 
74 74 692 
75 75 701 
76 76 704 
77 77 711 
78 78 707 
79 79 710 
80 80 712 
81 81 713 
82 82 714 
83 83 652 
84 84 653 
85 85 656 
86 86 659 
87 87 662 
88 88 665 
89 89 666 
90 90 669 
91 91 695 
92 92 717 
93 93 720 
94 94 727 
95 95 723 
96 96 726 
97 97 728 
98 98 729 
99 99 730 
100 100 672 
101 101 673 
102 102 676 
103 103 679 
104 104 682 
105 105 685 
106 106 686 
107 107 689 
108 108 698 
109 109 733 
110 110 736 
111 111 743 
112 112 739 
113 113 742 
114 114 744 
115 115 745 
116 116 746 
117 117 dets_det 
118 118 dets 
119 119 labels 
120 0 TIDL_cast_in 
121 0 TIDL_cast_in 
